5.500000e+00
2.500000e+00
2.500000e+00
2.500000e+00
3.500000e+00
6
2.500000e+00
4
4
3.500000e+00
3
3
5
4
2.500000e+00
3
2.500000e+00
4.500000e+00
5.500000e+00
3.500000e+00
3.500000e+00
6
3.500000e+00
2.500000e+00
3.500000e+00
4
4
3.500000e+00
4
3
4.500000e+00
3
2.500000e+00
2.500000e+00
4.500000e+00
3.500000e+00
2.500000e+00
2.500000e+00
5.500000e+00
3.500000e+00
2.500000e+00
5.500000e+00
3
3
3.500000e+00
5
4.500000e+00
5
3
4.500000e+00
5
3.500000e+00
4.500000e+00
4.500000e+00
2.500000e+00
4.500000e+00
4.500000e+00
4.500000e+00
5.500000e+00
2.500000e+00
3
2.500000e+00
5.500000e+00
3.500000e+00
6
3
3
5.500000e+00
6
3.500000e+00
2.500000e+00
2.500000e+00
5
4.500000e+00
3
4.500000e+00
2.500000e+00
4.500000e+00
2.500000e+00
3.500000e+00
4
5.500000e+00
6
3.500000e+00
2.500000e+00
3
3
3
3.500000e+00
2.500000e+00
5
4
3
2.500000e+00
2.500000e+00
3.500000e+00
2.500000e+00
3
4
4.500000e+00
5
3
5
2.500000e+00
5.500000e+00
2.500000e+00
5.500000e+00
6
3.500000e+00
5.500000e+00
5
3
4
4
3
2.500000e+00
5
4.500000e+00
3.500000e+00
4.500000e+00
3.500000e+00
2.500000e+00
4
6
3
4
3
3
2.500000e+00
5
3.500000e+00
3.500000e+00
4.500000e+00
2.500000e+00
3
3
6
2.500000e+00
4
4.500000e+00
4
6
4
5.500000e+00
5.500000e+00
3.500000e+00
4
5
5
3
4.500000e+00
3
6
2.500000e+00
6
3
4
5
2.500000e+00
3.500000e+00
6
4.500000e+00
4.500000e+00
4
4.500000e+00
5.500000e+00
4
3
2.500000e+00
4
3.500000e+00
5
3
2.500000e+00
2.500000e+00
3.500000e+00
3
4
5.500000e+00
4
2.500000e+00
3.500000e+00
2.500000e+00
3.500000e+00
2.500000e+00
3
5
4
4
2.500000e+00
3.500000e+00
5.500000e+00
3
2.500000e+00
3.500000e+00
5
3
5
5
3
